[Black]
MeanGray=1.1579001736111112
index=1

[White]
MeanGray=1.08480859375
index=2
