[Black]
MeanGray=1.3750911458333333
index=1

[White]
MeanGray=1.3713658854166666
index=2
