[Black]
MeanGray=1.35601171875
index=1

[White]
MeanGray=1.46725
index=2
