[Black]
MeanGray=3.0381944444444443e-06
index=1

[White]
MeanGray=1.3020833333333333e-06
index=2
