[Black]
MeanGray=0.5723051215277778
index=1

[White]
MeanGray=0.6085503472222222
index=2
