[Black]
MeanGray=0.34734331597222223
index=1

[White]
MeanGray=0.38628515625
index=2
